0.81472,13.757
0.90579,13.41
0.12699,8.8872
0.91338,21.734
0.63236,29.586
0.09754,13.127
0.2785,6.7201
0.54688,8.7004
0.95751,1.6093
0.96489,13.596
0.15761,7.2239
0.97059,14.388
0.95717,16.341
0.48538,11.364
0.80028,13.167
0.14189,6.1361
0.42176,15.604
0.91574,13.61
0.79221,-12.692
0.95949,4.9416
0.65574,11.903
0.035712,20.116
0.84913,4.5954
0.93399,13.562
0.67874,10.724
0.75774,13.13
0.74313,12.008
0.39223,9.2839
0.65548,23.756
0.17119,12.712
0.70605,9.496
0.031833,23.444
0.27692,9.6228
0.046171,6.501
0.097132,6.8822
0.82346,-2.8132
0.69483,12.401
0.3171,8.4152
0.95022,14.599
0.034446,4.514
0.43874,12.637
0.38156,25.266
0.76552,12.175
0.7952,-2.1522
0.18687,6.9262
0.48976,8.5743
0.44559,9.083
0.64631,8.4412
0.70936,13.396
0.75469,5.7316
0.27603,6.0977
0.6797,2.7187
0.6551,10.466
0.16261,6.8529
0.119,53.319
0.49836,44.108
0.95974,12.274
0.34039,21.065
0.58527,-4.4867
0.22381,9.6778
0.75127,12.148
0.2551,20.251
0.50596,9.2948
0.69908,7.1032
0.8909,13.987
0.95929,-8.4443
0.54722,9.7563
0.13862,6.1057
0.14929,21.288
0.25751,16.66
0.84072,13.893
0.25428,8.5688
0.81428,-12.45
0.24352,7.0535
0.92926,-2.8449
0.34998,8.2007
0.1966,6.0661
0.25108,11.779
0.61604,11.228
0.47329,9.5458
0.35166,8.8083
0.83083,14.296
0.58526,11.246
0.54972,9.9447
0.91719,-7.8557
0.28584,26.009
0.7572,11.798
0.75373,13.324
0.38045,10.213
0.56782,18.18
0.075854,7.6863
0.05395,18.587
0.5308,11.995
0.77917,9.6466
0.93401,13.548
0.12991,5.3461
0.56882,15.408
0.46939,11.291
0.011902,23.554
0.33712,-9.2714
0.16218,7.9637
0.79428,10.443
0.31122,7.9446
0.52853,10.638
0.16565,7.3737
0.60198,9.715
0.26297,6.6238
0.65408,12.331
0.68921,10.626
0.74815,13.035
0.45054,8.5448
0.083821,4.2044
0.22898,8.051
0.91334,-0.4782
0.15238,8.1558
0.82582,0.86394
0.53834,9.0466
0.99613,13.488
0.078176,5.7401
0.44268,8.8113
0.10665,7.3807
0.9619,13.164
0.0046342,19.336
0.77491,12.954
0.8173,-2.4922
0.86869,12.884
0.084436,4.5787
0.39978,8.8485
0.25987,5.9623
0.80007,13.018
0.43141,10.143
0.91065,14.324
0.18185,4.9092
0.2638,7.1012
0.14554,4.9307
0.13607,33.187
0.86929,14.608
0.5797,11.054
0.54986,11.808
0.14495,-4.6622
0.85303,13.182
0.62206,12.633
0.35095,37.105
0.51325,10.863
0.40181,15.061
0.075967,13.061
0.23992,16.425
0.12332,27.156
0.18391,13.782
0.23995,34.119
0.41727,-0.54788
0.049654,15.245
0.90272,2.47
0.94479,15.241
0.49086,15.837
0.48925,10.049
0.33772,9.9744
0.90005,14.113
0.36925,8.3838
0.1112,25.798
0.78025,-0.29329
0.38974,9.3405
0.24169,7.2821
0.40391,9.0208
0.096455,7.7106
0.13197,13.091
0.94205,14.872
0.95613,16.21
0.57521,16.468
0.05978,14.379
0.23478,7.5838
0.35316,28.275
0.82119,30.912
0.015403,21.366
0.043024,14.351
0.16899,6.9793
0.64912,11.886
0.73172,8.2627
0.64775,10.98
0.45092,9.4026
0.54701,9.7823
0.29632,7.5331
0.74469,14.812
0.18896,6.4073
0.68678,12.515
0.18351,5.8007
0.36848,10.024
0.62562,10.287
0.78023,-5.6464
0.081126,12.051
0.92939,-9.0448
0.77571,9.5428
0.48679,9.8239
0.43586,-5.0713
0.44678,-8.0041
0.30635,13.469
0.50851,16.802
0.51077,8.961
0.81763,-11.791
0.79483,11.872
0.64432,12.474
0.37861,9.1136
0.81158,-0.094026
0.53283,22.506
0.35073,5.0208
0.939,2.5744
0.87594,11.484
0.55016,17.196
0.62248,11.64
0.58704,11.832
0.20774,6.7811
0.30125,6.5155
0.47092,8.8044
0.23049,6.9007
0.84431,-5.157
0.19476,7.7849
0.22592,20.461
0.17071,5.7644
0.22766,8.6185
0.4357,16.696
0.3111,8.1873
0.92338,21.298
0.43021,16.842
0.18482,6.2295
0.90488,8.1011
0.97975,0.3492
0.43887,22.295
0.11112,6.3986
0.25806,8.2136
0.40872,14.29
0.5949,10.367
0.26221,2.7895
0.60284,10.579
0.71122,13.061
0.22175,7.9349
0.11742,23.906
0.29668,8.1335
0.31878,15.759
0.42417,3.8143
0.50786,9.7715
0.085516,5.2725
0.26248,24.103
0.80101,10.615
0.02922,15.913
0.92885,17.622
0.73033,4.8851
0.48861,9.8473
0.57853,4.0453
0.23728,23.84
0.45885,12.775
0.96309,9.6269
0.54681,9.7561
0.52114,9.3564
0.23159,-1.2883
0.4889,6.0628
0.62406,6.6766
0.67914,7.3098
0.39552,26.651
0.36744,9.2149
0.98798,13.435
0.037739,4.4097
0.88517,9.8116
0.91329,-5.16
0.79618,14.252
0.098712,7.3283
0.26187,7.0379
0.33536,3.8749
0.67973,13.193
0.13655,20.094
0.72123,-5.6753
0.10676,7.1301
0.65376,-8.2337
0.49417,-12.169
0.77905,12.985
0.71504,11.735
0.90372,14.396
0.89092,13.945
0.33416,7.977
0.69875,13.758
0.19781,13.55
0.030541,8.0358
0.74407,12.145
0.50002,7.369
0.47992,21.223
0.90472,16.776
0.60987,6.6882
0.61767,10.386
0.85944,14.398
0.80549,3.2341
0.57672,5.9088
0.18292,7.1011
0.23993,18.719
0.88651,15.302
0.028674,5.2592
0.4899,10.823
0.16793,27.127
0.97868,2.2019
0.71269,7.2791
0.50047,10.161
0.47109,9.4103
0.059619,5.0962
0.68197,-6.0823
0.042431,6.7616
0.071445,2.422
0.52165,32.028
0.09673,6.1303
0.81815,-17.039
0.81755,14.787
0.72244,12.149
0.14987,6.0254
0.65961,13.78
0.51859,20.538
0.97297,15.446
0.64899,10.484
0.80033,13.437
0.4538,5.3674
0.43239,-2.1634
0.82531,7.1358
0.08347,5.4298
0.13317,6.8596
0.17339,5.7269
0.39094,22.953
0.83138,3.024
0.80336,-1.1072
0.060471,5.596
0.39926,13.2
0.52688,19.057
0.4168,9.69
0.65686,5.1296
0.62797,10.797
0.29198,22.8
0.43165,-2.8022
0.015487,6.8377
0.98406,2.277
0.16717,15.145
0.10622,26.804
0.37241,8.632
0.19812,7.7757
0.48969,12.966
0.33949,17.808
0.95163,-1.2077
0.92033,13.419
0.052677,3.7662
0.73786,12.496
0.26912,7.8655
0.42284,16.757
0.54787,10.326
0.94274,14.461
0.41774,21.738
0.98305,16.112
0.30145,9.5666
0.7011,11.724
0.66634,4.2695
0.53913,15.247
0.69811,10.2
0.66653,5.986
0.17813,5.0677
0.12801,3.2325
0.99908,6.712
0.17112,23.41
0.032601,5.3667
0.5612,-6.2691
0.88187,6.6941
0.66918,12.301
0.19043,21.981
0.36892,20.25
0.46073,9.9097
0.98164,14.875
0.1564,11.072
0.85552,-2.7241
0.64476,-8.4543
0.37627,23.477
0.19092,17.932
0.42825,10.032
0.48202,9.2495
0.12061,6.7003
0.58951,14.64
0.22619,8.339
0.38462,21.45
0.58299,19.417
0.25181,23.169
0.29044,6.0151
0.61709,6.3933
0.26528,17.336
0.82438,35.098
0.98266,12.613
0.73025,28.601
0.34388,17.267
0.58407,10.661
0.10777,5.8699
0.90631,14.96
0.87965,14.823
0.81776,2.0685
0.26073,1.0494
0.59436,10.581
0.022513,5.2863
0.42526,9.4693
0.31272,16.63
0.16148,7.2612
0.17877,7.7152
0.42289,9.1187
0.094229,13.226
0.59852,5.8017
0.47092,13.302
0.69595,-5.6043
0.69989,11.724
0.63853,-13.765
0.033604,6.0907
0.068806,25.267
0.3196,8.6544
0.53086,14.396
0.65445,12.314
0.40762,21.755
0.81998,12.385
0.71836,11.649
0.96865,-7.9414
0.53133,10.213
0.32515,6.8486
0.10563,4.5419
0.61096,12.136
0.7788,12.03
0.42345,7.2597
0.090823,23.292
0.26647,8.1078
0.15366,15.677
0.28101,9.0752
0.44009,9.8052
0.52714,9.4776
0.45742,18.276
0.87537,13.929
0.51805,0.49182
0.94362,2.9256
0.63771,-2.5877
0.95769,4.6944
0.24071,7.5882
0.67612,11.815
0.28906,8.5784
0.67181,13.096
0.69514,1.0465
0.067993,4.7861
0.25479,7.5857
0.22404,6.8768
0.66783,11.828
0.84439,12.41
0.34446,9.9685
0.78052,5.7725
0.67533,2.7093
0.0067153,21.296
0.60217,11.033
0.38677,25.756
0.91599,-2.8042
0.0011511,5.0285
0.46245,9.8437
0.42435,10.289
0.46092,8.6582
0.77016,13.597
0.32247,8.2961
0.78474,12.074
0.47136,10.488
0.035763,15.519
0.17587,6.5236
0.72176,14.095
0.47349,8.8929
0.15272,6.4169
0.34112,29.522
0.60739,11.161
0.19175,2.6641
0.73843,-6.3909
0.24285,5.7002
0.91742,-5.0606
0.26906,20.386
0.7655,14.54
0.18866,6.5798
0.2875,6.8623
0.091113,29.173
0.57621,10.278
0.68336,11.506
0.54659,10.941
0.42573,4.6698
0.64444,4.5098
0.64762,11.032
0.67902,1.1715
0.63579,18.567
0.94517,13.039
0.20893,6.5734
0.70928,11.008
0.23623,6.6551
0.1194,-3.3803
0.6073,14.239
0.45014,9.482
0.45873,7.0837
0.66194,10.656
0.77029,13.817
0.35022,6.9161
0.66201,11.228
0.41616,7.6769
0.84193,13.075
0.83292,-7.6101
0.25644,12.195
0.61346,10.394
