85.2,94.5,12.3
83,98.7,6.1
87.9,99.2,25.3
86.4,101.2,10.4
100,101.9,28.7
94.4,107.8,20.9
90.7,100.3,19.2
88.5,97.1,12.4
82.5,99.9,4.1
88.6,104.1,11.7
83.6,98.2,7.1
90.9,107.7,7.8
91.6,103.9,20.8
101.8,108.6,21.2
96.4,100.1,22.1
92.8,99.2,20.9
96.4,105.2,29
97.5,107,22.9
89.6,102.4,16
100.5,109,16.5
95.9,104.9,19.1
98.8,104.8,15.2
76.4,94.6,15.6
80,93.4,17.7
76.3,95.8,14
79.7,96.5,3.7
74.6,85.3,7.9
88.7,94.7,22.9
73.9,88.5,3.7
83.5,98.7,8.8
88.7,99.8,11.9
84.5,100.6,5.7
79.1,94.5,11.8
100.5,108.3,21.3
115.6,116.1,32.3
113.1,113.8,40.1
100.9,106.2,24.2
98.8,104.8,28.4
108.1,102.5,32.6
104.3,115.5,32.9
111.2,114.1,31.6
104.3,106,32
76,88.2,7.7
81.5,97.2,13.9
73.7,88.5,10.8
79.5,92.7,5.6
83.4,90.4,13.6
70.4,87.2,4
86.7,98.3,10.2
77.9,91,6.6
82,89.1,8
79.6,91.6,6.3
77.6,88.6,3.9
100,99.6,22.6
99.8,102.5,20.4
104.2,105.8,28
105.3,97,31.5
98.3,99.6,24.6
104.8,103.1,26.1
94.7,100.8,29.8
102.4,99.4,30.7
99.7,99.7,25.8
105.5,108.3,32.3
100.3,104.2,30
83.9,93.9,21.5
86.6,91.8,13.8
78.4,96.1,6.3
84.6,94.3,12.9
91.5,98.5,24.3
82.8,95.5,8.8
82.9,96.3,8.5
76,88.6,13.5
83.3,93,11.8
81.8,94.8,18.5
78.8,94.3,8.8
95,98.3,22.2
95.4,99.3,21.5
98.6,100.2,18.8
95.8,97.1,31.4
89,96.9,26.8
97.8,99.6,18.4
94.9,95,27
99.8,96.2,27
89.7,96.2,26.6
88.1,96.9,14.9
90.9,93.8,23.1
86,99.3,8.3
86.5,98.3,14.1
95.6,102.2,20.5
93.2,100.6,18.2
83.1,95.4,8.5
97.5,100.6,24.9
88.8,101.4,9
99.2,107.5,17.4
91.6,102.4,9.6
86.7,96.2,11.3
88.2,92.8,17.8
94,103.7,22.2
95,101.7,21.2
92,98.3,20.4
89.2,98.3,20.1
95.5,101.6,22.3
98.6,99.5,25.4
87.3,96.6,18
102.8,103.6,19.3
101.6,100.7,18.3
88.7,102.1,17.3
92.3,100.6,21.4
90.6,99.3,19.7
105,103,28
95,98.6,22.1
89.6,99.8,21.3
92.4,97.5,26.7
86.6,92.6,16.7
90,99.7,20.1
90,96.4,13.9
92.4,104.3,25.8
87.5,101,18.1
99.2,104.1,27.9
98.1,101.4,25.3
83.3,97.5,14.7
86.1,95.2,16
84.1,94,13.8
89.9,100,17.5
92.1,98.5,27.2
78,93.2,17.4
93.5,99.5,20.8
87,97.8,14.9
90.1,95.8,18.1
90.3,99.1,22.7
99.8,103.2,23.6
89.4,92.3,26.1
87.2,98.4,24.4
101.1,102.1,27.1
86.1,95.6,21.8
98.6,100.6,29.4
88.5,98.3,22.4
106.6,107.7,20.4
93.1,101.6,24.9
93,99.3,18.3
91,98.9,23.3
77.1,93.9,9.4
85.3,102.5,10.3
81.9,95.3,14.2
99.1,110.1,19.2
100.5,106.2,29.6
76.5,92.1,5.3
106.8,113.9,25.2
77.6,93.5,9.4
102.9,114.4,19.6
72.8,91.1,10.1
88.2,95.2,16.5
100.1,105,21
83.5,98.3,17.3
105,106.4,31.2
90.8,102.5,10
76.6,89.8,12.5
92.4,99.3,22.5
81.2,91.5,9.4
95.6,105.1,14.6
92.1,103.5,13
83.4,89.6,15.1
106,108.8,27.3
95.1,104.5,19.2
90.4,95.6,21.8
100.4,106.8,20.3
115.9,111.9,34.3
90.8,98.1,16.5
81.9,92.8,3
90.3,98.7,20.5
90.3,99.9,16.9
108.8,114.4,25.3
79.4,89.2,9.9
83.2,96.4,13.1
110.3,113.9,29.9
92.7,101.9,22.5
104.5,109.9,16.9
104.6,109.8,26.6
83.6,91.6,11.5
86.8,96.1,12.1
90.4,95.5,17.5
83.7,98.1,8.6
109.3,108.8,23.6
98.9,104.1,20.4
98,101.8,20.5
101.2,103.1,24.4
80.6,92.3,11.4
113.7,112.4,38.1
94.1,102.7,15.9
105.7,111.8,24.7
85.6,96.5,22.8
96.6,100.6,25.5
86,96.2,22
89.7,101,17.7
78,99,6.6
89.7,94.2,23.6
89.2,99.2,12.2
85.7,96.9,22.1
103.1,105.5,28.7
89.1,102.6,6
113.9,107.1,34.8
96.3,102,16.6
93.9,100.1,32.9
101.3,101.7,32.8
83.9,91.8,9.6
84.4,94,10.8
79.4,89,7.1
104,109,27.2
89.7,99.1,19.5
97.6,104.2,18.7
87.6,96.1,19.5
122.1,112.8,47.5
81.1,96.3,13.6
81.5,94.4,7.5
100,105,24.5
88.7,94.5,15
91.8,96.2,12.4
110.4,105.5,26
87.6,95.6,11.5
82.8,91.9,5.2
95.3,98.2,10.9
78.2,87.5,12.5
91.1,97.1,14.8
96.7,106.6,25.2
89.4,98.4,14.9
93,97,17
86.4,90.1,10.6
96.7,100.7,16.1
88.1,97.8,15.4
94.9,100.2,26.7
93.3,94,25.8
95.6,93.7,18.6
98.2,101.1,24.8
113.8,111.8,27.3
82.8,94.5,12.4
100.5,100.5,29.9
79.7,87.6,17
118,114.3,35
109,109.1,30.4
113.4,109.8,32.6
106.1,101.6,29
84.3,94.4,15.2
107.6,110,30.2
83.6,88.8,11
105,104.5,33.6
111.5,101.7,29.3
101.3,97.8,26
108.5,107.1,31.9
