0.64464,0.20497,1
1.6892,0.65038,1
3.4423,0.56804,-1
2.1398,0.81093,1
1.8883,0.66758,1
0.93127,0.17517,-1
1.5997,0.56993,1
0.67844,0.30653,1
0.37375,0.074592,-1
0.79555,0.27891,1
0.7135,0.33777,1
0.25393,0.038528,-1
1.5655,0.58345,1
1.1586,0.45231,1
0.90441,0.17567,-1
0.52709,0.09114,-1
0.38782,0.11023,1
0.27648,0.057997,-1
0.29329,0.079497,-1
0.50276,0.10733,-1
1.2487,0.41638,1
0.52173,0.22412,1
2.1688,0.34831,-1
0.17651,0.016922,-1
0.59133,0.25874,1
0.84006,0.16688,-1
0.41047,0.060942,-1
0.23817,0.053388,-1
0.2643,0.055767,-1
0.35621,0.070306,-1
1.1554,0.15342,-1
3.0306,0.5961,-1
1.0451,0.40831,1
0.94458,0.3597,1
1.3729,0.25114,-1
0.39534,0.066801,-1
1.7782,0.66081,1
1.9031,0.73974,1
3.1379,1.1952,1
2.0106,0.35856,-1
0.59817,0.11714,-1
3.1256,0.49668,-1
1.5452,0.56534,1
0.63173,0.13249,-1
0.47924,0.096512,-1
0.4006,0.074592,-1
1.1863,0.15803,-1
1.1146,0.37272,1
1.5436,0.56797,1
0.29175,0.095697,1
1.057,0.382,1
0.34201,0.041877,-1
1.3202,0.46403,1
2.6704,0.43892,-1
0.62239,0.12979,-1
0.27395,0.053176,-1
1.0689,0.2187,-1
1.5337,0.62398,1
2.1367,0.8437,1
0.20177,0.041883,-1
3.6589,0.57362,-1
0.62475,0.22493,1
0.70421,0.26356,1
0.28869,0.045301,1
1.1173,0.41954,1
0.25367,0.044428,-1
1.1931,0.44954,1
1.0532,0.30708,1
1.2035,0.25212,-1
1.7184,0.61854,1
0.80911,0.33491,1
2.2328,0.76091,1
1.6993,0.63026,1
1.3382,0.52432,1
0.32101,0.12244,1
1.6393,0.2667,-1
0.6257,0.10194,1
1.047,0.20909,-1
0.78157,0.31338,1
0.41493,0.091474,-1
0.87551,0.35298,1
3.1232,0.52577,1
0.33381,0.067289,-1
0.25159,0.045773,-1
2.9572,0.54258,-1
1.6798,0.67616,1
0.74885,0.33096,1
0.72668,0.1122,-1
1.1486,0.39073,1
0.3594,0.15523,1
0.36925,0.062391,-1
1.9288,0.37001,-1
1.3253,0.46913,1
0.42785,0.17616,1
3.4918,1.1114,1
6.1515,1.2069,-1
0.21034,0.03581,-1
2.2848,0.71641,1
1.3566,0.49452,1
1.8517,0.28943,-1
0.64114,0.1523,-1
1.0249,0.42427,1
2.1998,0.70274,1
1.9485,0.58533,1
1.1946,0.40413,1
1.5431,0.62803,1
0.64672,0.14339,-1
1.9211,0.3789,-1
0.94387,0.31197,1
0.17811,0.026533,-1
1.4254,0.2323,-1
0.70155,0.10612,-1
0.24124,0.076614,-1
4.2912,0.7367,-1
0.76649,0.29216,1
1.0835,0.42427,1
2.2214,0.35058,-1
1.6794,0.62581,1
1.0783,0.41199,1
0.45373,0.16688,1
0.68997,0.15913,1
0.67248,0.16247,-1
0.90608,0.16641,-1
2.0997,0.5619,1
4.2955,0.71934,-1
1.0387,0.35193,1
2.7609,0.52089,-1
3.3924,0.64346,-1
4.4459,0.78261,-1
0.61317,0.088056,-1
0.61206,0.10481,-1
1.0852,0.1805,-1
0.59602,0.21817,1
2.3336,0.91688,1
0.2801,0.039946,1
1.0514,0.36485,1
0.9134,0.22598,-1
1.5897,0.63542,1
0.87831,0.1447,-1
0.30334,0.046749,-1
0.47464,0.093216,-1
5.8342,1.1664,1
0.51838,0.19473,1
0.30725,0.062863,-1
0.40112,0.058914,-1
0.29894,0.1078,1
0.32434,0.079464,-1
0.78052,0.28662,1
1.5924,0.63905,1
1.6842,0.62976,1
0.70923,0.27245,1
0.17825,0.030227,-1
0.49386,0.14686,-1
0.34651,0.10293,-1
2.1917,0.83926,1
0.35815,0.046707,-1
0.82043,0.30018,1
1.4157,0.51844,1
1.9227,0.70231,1
0.29262,0.063091,-1
1.3986,0.50525,1
1.3004,0.42979,1
3.0323,0.94282,1
1.1526,0.48377,1
1.2585,0.52718,1
0.2762,0.022368,-1
2.1915,0.9369,1
0.2975,0.046001,-1
1.5661,0.56776,1
0.81526,0.27334,1
2.1775,0.7284,1
0.94455,0.14295,-1
0.99045,0.15174,-1
1.6418,0.25178,-1
1.4618,0.52995,1
0.23401,0.042355,-1
0.89367,0.16638,-1
1.0475,0.42372,1
0.5841,0.098524,-1
0.52551,0.089718,-1
0.27844,0.053585,-1
0.2372,0.030439,-1
1.0217,0.15527,-1
0.52418,0.079096,-1
0.68274,0.14978,-1
0.51809,0.072708,-1
1.0422,0.42903,1
0.85268,0.20665,-1
0.96362,0.34407,1
1.9608,0.78946,1
0.24524,0.063351,-1
1.1563,0.43941,1
0.78683,0.27039,1
0.98791,0.38417,1
2.0875,0.33995,-1
2.0412,0.69493,1
1.5136,0.20427,-1
0.54944,0.11169,-1
0.95497,0.21989,-1
1.4304,0.52332,1
1.1635,0.22868,-1
1.5543,0.30116,-1
0.28195,0.07801,-1
2.2361,0.39453,-1
1.1261,0.42419,1
1.3142,0.23242,-1
0.29628,0.053876,-1
1.049,0.19129,-1
2.3078,0.50352,-1
0.27219,0.07801,1
0.41028,0.058956,-1
0.52131,0.17032,1
1.8014,0.35829,-1
1.4201,0.5741,1
2.3651,0.68594,1
1.6399,0.60677,1
0.28004,0.050775,-1
1.0232,0.23779,-1
0.98938,0.1405,-1
2.4673,0.8315,1
0.29614,0.060867,-1
0.88489,0.31237,1
0.93225,0.36413,1
0.8013,0.11275,-1
1.7356,0.58984,1
0.53407,0.18767,1
0.92599,0.34608,1
0.87134,0.30224,1
0.84204,0.31331,1
2.543,0.93355,1
2.7037,0.44862,-1
0.5393,0.095535,1
0.76037,0.13368,-1
0.1881,0.023329,-1
1.0945,0.48084,1
3.4362,0.55918,1
3.3639,1.1439,1
4.6041,0.80556,-1
1.7345,0.6251,1
0.79335,0.1945,-1
0.4231,0.1748,1
0.37561,0.057003,-1
0.35571,0.066726,1
4.0779,0.72884,-1
0.38459,0.13174,1
0.5935,0.080887,-1
0.78199,0.28076,1
0.23489,0.058059,-1
0.23391,0.041946,-1
1.3937,0.51454,1
0.93091,0.39355,1
0.31164,0.065809,-1
0.70131,0.12071,-1
2.2879,0.85684,1
0.36095,0.08827,-1
0.36165,0.050688,-1
3.1428,0.5804,-1
1.9856,0.847,1
1.1862,0.40955,1
0.70969,0.14539,-1
0.18918,0.011604,1
3.9762,0.66833,-1
1.3367,0.44319,1
0.83214,0.24403,1
1.2648,0.50889,1
1.0227,0.19905,-1
2.4947,0.47448,-1
3.089,0.49766,-1
0.34169,0.051435,-1
2.5646,0.92567,1
0.84338,0.31482,1
0.4927,0.066848,-1
1.5222,0.54188,1
1.7335,0.27403,-1
0.48947,0.18348,1
1.712,0.62487,1
1.3614,0.53747,1
0.34456,0.083403,-1
0.68813,0.24815,1
2.152,0.76817,1
0.41102,0.077802,1
0.45985,0.095869,-1
0.93872,0.30452,1
1.0919,0.20518,-1
1.592,0.25683,-1
1.1578,0.20935,-1
0.63772,0.099563,-1
2.3215,0.76904,1
0.32776,0.044796,-1
1.5154,0.58349,1
2.3021,0.46599,-1
0.91292,0.23526,-1
0.72024,0.25728,1
0.65064,0.10107,-1
3.1677,1.0429,1
0.37239,0.15176,1
2.26,0.77978,1
1.4913,0.59288,1
1.8668,0.40223,1
0.74397,0.15323,-1
2.302,0.89892,1
2.2328,0.34001,-1
0.3982,0.073724,-1
0.66577,0.30647,1
0.50705,0.10877,-1
0.22143,0.030594,-1
1.2286,0.19081,-1
2.955,1.0475,1
2.4123,0.89827,1
2.5764,0.88867,1
0.73352,0.14636,-1
0.50282,0.18132,1
1.395,0.24751,-1
0.43969,0.068191,-1
1.2196,0.48308,1
0.31116,0.04089,-1
0.48518,0.11026,-1
2.4504,0.83251,1
0.23891,0.050884,-1
0.85878,0.33268,1
0.81564,0.36365,1
0.865,0.37158,1
0.50851,0.073127,-1
1.3609,0.47407,1
1.3126,0.53624,1
1.0002,0.15028,-1
0.90461,0.19424,-1
0.96205,0.32334,1
0.2718,0.076079,-1
0.34651,0.049711,-1
0.77758,0.17073,-1
1.1416,0.41548,1
1.9112,0.33931,-1
0.39377,0.079475,-1
0.28645,0.034086,-1
2.6998,1.1176,1
0.32991,0.076079,-1
2.4578,0.40038,-1
0.8801,0.22742,-1
0.46203,0.080929,-1
1.5542,0.57906,1
0.54175,0.18066,1
0.68615,0.11366,-1
0.93753,0.38179,1
0.29552,0.055555,-1
0.77668,0.13028,-1
0.32496,0.080072,1
2.0491,0.79833,1
0.34982,0.055549,-1
1.1085,0.35585,1
2.2832,0.68648,1
2.5372,0.89003,1
0.32717,0.045364,-1
0.24679,0.043342,-1
0.79872,0.12761,-1
0.77137,0.14323,-1
0.9426,0.12098,-1
0.8772,0.17382,-1
0.75307,0.11729,-1
1.3136,0.51377,1
0.25374,0.053129,-1
1.1003,0.45155,1
1.4761,0.67134,1
1.2468,0.49739,1
0.26098,0.04573,-1
0.21106,0.047238,-1
2.7537,0.94091,1
0.89332,0.11132,-1
2.2262,0.75254,1
2.5627,0.4076,1
0.51809,0.21431,1
0.19797,0.031623,-1
1.7356,0.67274,1
1.6365,0.61116,1
1.3063,0.26377,-1
0.30092,0.075786,-1
2.3068,0.67811,1
0.41731,0.069731,-1
0.55067,0.097822,-1
3.5822,0.59998,-1
0.45051,0.10782,-1
4.2116,0.72303,-1
0.94008,0.33897,1
0.3883,0.14442,1
0.43383,0.077957,-1
0.36024,0.042158,-1
1.4982,0.51231,1
1.5231,0.58288,1
1.0088,0.20161,-1
2.075,0.7954,1
0.6432,0.084575,-1
1.7668,0.66292,1
1.635,0.25574,-1
1.0754,0.40608,1
0.6205,0.24382,1
0.65266,0.2294,1
0.45972,0.15722,1
0.50403,0.079464,-1
1.6213,0.58577,1
0.53554,0.17888,1
2.0592,0.63536,1
1.7186,0.64004,1
1.5921,0.60098,1
1.5267,0.21622,-1
1.0182,0.34755,1
0.21516,0.051664,-1
0.94339,0.19917,-1
0.47108,0.12565,-1
2.0242,0.32519,-1
0.30685,0.04676,-1
1.7843,0.33632,-1
0.47045,0.14632,1
1.0558,0.19004,-1
2.2011,0.83708,1
2.0532,0.35298,-1
0.63537,0.19568,1
0.31692,0.042923,-1
1.7669,0.24551,-1
3.198,0.56385,-1
0.86,0.18174,-1
0.42199,0.16737,1
0.91281,0.18446,-1
0.448,0.09765,-1
0.55555,0.10515,-1
0.66284,0.222,1
0.50233,0.16569,1
2.4591,0.39854,-1
1.6565,0.60286,1
1.1467,0.43489,1
0.73657,0.29817,1
0.77307,0.16296,-1
1.7411,0.66472,1
0.49533,0.084358,-1
0.47875,0.086746,1
1.9073,0.3412,-1
0.2411,0.031904,-1
1.1011,0.227,1
1.2961,0.48035,1
0.82101,0.32313,1
0.9065,0.38134,1
1.2974,0.44038,1
1.7022,0.22163,-1
0.33273,0.074104,-1
0.69485,0.11275,-1
0.23665,0.067289,-1
0.16731,0.01602,-1
0.97668,0.21766,-1
0.34387,0.076535,-1
1.4036,0.3177,1
1.342,0.5033,1
2.1483,0.73796,1
0.38508,0.16495,1
3.7847,0.71382,-1
5.2503,0.92422,-1
1.7338,0.49186,1
2.4909,0.45225,-1
1.0421,0.29481,-1
0.70149,0.2919,1
2.0211,0.68444,1
0.30287,0.045025,-1
0.2633,0.058956,-1
0.24084,0.034542,-1
0.7716,0.26405,1
1.7664,0.63574,1
1.1027,0.26426,-1
2.7164,0.98964,1
1.6217,0.55137,1
1.0251,0.14979,-1
0.88856,0.37712,1
1.4713,0.25547,-1
0.41444,0.10905,-1
0.18733,0.01309,-1
1.8873,0.26843,-1
0.76281,0.21229,1
0.90028,0.13542,-1
0.5843,0.12344,-1
0.57104,0.21028,1
1.7722,0.56233,1
2.5469,0.80611,1
6.3882,1.0512,-1
1.7555,0.63633,1
0.59486,0.17637,1
0.58508,0.13513,-1
0.75111,0.15879,-1
0.54809,0.1761,1
0.51535,0.20545,1
1.278,0.42761,1
0.40343,0.078993,-1
1.1067,0.37098,1
2.3796,0.96571,1
0.73196,0.11421,-1
1.6901,0.67686,1
1.9324,0.30411,-1
4.3484,0.80598,-1
0.25422,0.036528,-1
1.216,0.1908,-1
1.7468,0.28857,-1
1.2797,0.44645,1
0.20082,0.031841,-1
0.99305,0.15153,-1
2.7772,0.54483,-1
1.2906,0.52479,1
0.62489,0.2194,1
0.526,0.19421,1
1.1919,0.43306,1
2.1458,0.3247,-1
0.60481,0.066801,-1
1.1153,0.44764,1
0.83596,0.19282,-1
0.77222,0.15429,-1
0.46252,0.068234,-1
0.5724,0.097271,-1
0.69396,0.24843,1
0.8191,0.15966,-1
0.23915,0.080244,1
0.61751,0.21817,1
0.34044,0.047254,-1
2.5626,0.87559,1
0.5227,0.20686,1
1.1299,0.45357,1
0.31505,0.043836,-1
3.3741,1.1859,1
0.2118,0.040204,-1
0.97619,0.13368,-1
0.51964,0.12343,-1
0.34497,0.084793,-1
1.5255,0.5709,1
2.2413,0.32704,-1
0.65346,0.11729,-1
1.9022,0.30655,-1
1.9196,0.65245,1
0.427,0.10188,-1
0.91493,0.37907,1
1.5284,0.53698,1
1.4842,0.60342,1
0.6719,0.14741,-1
0.96059,0.17979,-1
1.9781,0.68348,-1
2.2423,0.48427,-1
0.50512,0.20393,1
0.76918,0.31993,1
0.55578,0.10095,-1
0.31643,0.058548,-1
0.31027,0.11951,1
0.78833,0.17659,-1
0.28834,0.051752,-1
2.2039,0.89453,1
0.6339,0.13954,-1
1.5778,0.28038,-1
2.2726,0.36366,-1
0.38595,0.056037,-1
0.4143,0.10286,-1
4.3557,0.68391,-1
1.2551,0.4178,1
2.8942,0.88829,1
0.27709,0.049637,-1
0.32678,0.07214,-1
0.31518,0.050613,-1
3.6315,1.1898,1
1.2193,0.50777,1
1.07,0.39268,1
2.0032,0.32649,-1
1.3571,0.51697,1
1.5515,0.30891,-1
0.71167,0.24397,1
0.94876,0.45357,1
2.7769,0.52925,-1
0.93429,0.35291,1
2.6237,0.41319,-1
0.38221,0.068525,-1
0.26144,0.056037,-1
0.19057,0.02354,1
1.234,0.50477,1
3.2663,1.0951,1
0.99885,0.37491,1
0.59826,0.095594,-1
0.41418,0.11854,-1
1.1896,0.17393,-1
3.2448,0.56211,-1
0.59741,0.10188,-1
1.2882,0.22743,-1
1.2583,0.20064,-1
1.0783,0.22498,-1
1.1732,0.46696,1
0.47366,0.18257,1
3.0804,1.0067,1
0.5227,0.14143,1
0.281,0.021805,-1
1.0004,0.37028,1
1.2272,0.46864,1
2.916,0.90181,1
1.6482,0.54833,1
1.8785,0.37487,-1
0.30139,0.038449,-1
1.3494,0.48721,1
6.542,1.1884,-1
3.9441,0.74023,-1
3.9076,0.62712,-1
2.5702,0.38933,-1
2.048,0.32753,-1
1.5568,0.62343,1
0.59972,0.10389,-1
0.48693,0.11024,-1
1.5657,0.58577,1
0.50988,0.07411,-1
1.2946,0.23621,-1
1.6853,0.60677,1
1.6228,0.68836,1
0.99836,0.34317,1
6.5896,1.0371,-1
1.7597,0.34343,-1
0.27746,0.059445,1
0.18997,0.028762,-1
1.6932,0.34268,-1
1.3514,0.23819,-1
4.3025,0.71375,-1
1.4468,0.60738,1
2.5181,0.46577,-1
0.73182,0.14372,-1
0.25012,0.053097,-1
1.5794,0.64932,1
1.4572,0.29383,-1
0.91135,0.32508,1
0.87121,0.35876,1
1.3488,0.50476,1
1.3016,0.49333,1
0.72094,0.25618,1
0.28039,0.036984,-1
2.8258,0.53721,-1
5.4571,0.92616,-1
2.2677,0.44179,-1
1.0373,0.36311,1
0.31564,0.042854,-1
0.46205,0.10118,-1
0.54858,0.1263,-1
0.91381,0.36214,1
0.80043,0.14317,-1
0.21603,0.027717,-1
1.4942,0.55122,1
1.1096,0.38997,1
1.238,0.48182,1
0.21656,0.020502,-1
0.66529,0.21288,1
1.7945,0.69472,1
0.77795,0.15075,-1
0.89477,0.36604,1
0.61105,0.12244,-1
0.37709,0.069927,-1
0.5094,0.072628,-1
1.0565,0.42715,1
1.6026,0.19527,-1
0.97912,0.39003,1
1.1488,0.40935,1
1.2047,0.43321,1
1.6036,0.64247,1
1.3878,0.49208,1
0.95578,0.34168,1
0.6094,0.092239,-1
5.9115,1.0031,-1
0.22249,0.027739,-1
4.9562,0.9154,-1
0.49426,0.19568,1
1.1865,0.1689,-1
1.4084,0.24055,-1
1.2389,0.24792,-1
1.4767,0.46913,1
1.0398,0.35644,1
1.7131,0.30604,-1
0.4676,0.090727,-1
3.9381,0.60975,-1
1.0049,0.19136,-1
0.39114,0.085891,-1
0.44748,0.12879,1
0.77707,0.2616,1
1.3492,0.24208,-1
1.3976,0.47497,1
0.62356,0.11861,-1
1.0359,0.3949,1
0.501,0.044876,-1
0.71115,0.24354,1
0.29602,0.05505,-1
1.281,0.39095,1
0.27219,0.047248,-1
1.1555,0.41162,1
0.62649,0.20113,1
1.5227,0.6372,1
1.8118,0.64248,1
0.67163,0.2718,1
1.115,0.19124,-1
3.4268,1.2504,1
1.1691,0.21006,-1
0.91125,0.19569,1
1.5909,0.578,1
1.0378,0.32893,1
0.97873,0.36268,1
0.28596,0.054106,-1
0.92602,0.19319,-1
1.7848,0.61902,1
1.9595,0.373,-1
4.3888,0.83848,-1
0.6885,0.11177,-1
1.215,0.43786,1
1.8128,0.79492,1
1.1246,0.46911,1
0.80334,0.27136,1
1.0807,0.19688,-1
0.59866,0.19331,1
1.4706,0.23942,-1
1.5344,0.27088,-1
0.71376,0.32536,1
0.35031,0.053108,-1
0.30285,0.11706,1
1.0851,0.40272,1
2.4417,0.90136,1
3.1167,1.1777,1
1.0437,0.39013,1
0.35432,0.14932,1
1.5608,0.61951,1
7.496,1.3527,-1
1.4177,0.25081,-1
1.5454,0.56831,1
1.3953,0.55956,1
0.87336,0.36368,1
1.1472,0.47737,1
0.7898,0.1499,-1
0.22004,0.016508,-1
0.84828,0.12999,-1
0.81274,0.30989,1
0.43482,0.19091,1
2.9914,0.5619,1
1.4869,0.29823,-1
0.31301,0.046341,-1
3.0333,0.97129,1
2.8261,0.49186,-1
0.81066,0.33925,1
0.31079,0.088211,1
0.6384,0.24744,1
1.4359,0.51091,1
1.6354,0.55212,1
0.9353,0.1468,-1
2.021,0.72505,1
1.1468,0.18448,-1
0.74563,0.26021,1
1.5037,0.49202,1
2.6915,0.61561,-1
0.34887,0.074539,-1
1.4352,0.28819,-1
1.1317,0.19278,-1
2.5422,0.78059,1
0.84114,0.26309,1
1.1744,0.23036,-1
0.95092,0.21223,-1
1.2853,0.44372,1
1.213,0.4403,1
0.56017,0.26405,1
0.84054,0.27674,1
0.45375,0.11045,-1
0.46203,0.088758,-1
0.89485,0.30606,1
0.58814,0.11474,-1
1.3825,0.28379,-1
0.23059,0.029171,-1
0.7635,0.32657,1
3.1663,0.48958,-1
2.2347,0.74551,1
4.2821,0.71403,-1
0.93167,0.34224,1
0.4591,0.088758,-1
0.33654,0.074598,-1
0.19165,0.026687,-1
1.2103,0.20401,-1
0.31076,0.077033,-1
0.33263,0.070692,1
0.57443,0.1078,-1
0.7342,0.32559,1
1.0538,0.40196,1
1.8675,0.2919,-1
0.65761,0.13981,-1
3.3479,0.60986,-1
2.6315,0.50499,-1
1.2014,0.46375,1
1.7002,0.71382,1
0.77267,0.26014,1
0.7008,0.10144,-1
1.1942,0.3864,1
0.49403,0.16081,1
1.2595,0.20751,-1
1.6653,0.23437,-1
1.0745,0.16292,-1
1.7145,0.73134,1
3.2115,0.62154,1
2.5592,1.0438,1
1.4879,0.50087,1
0.9441,0.33398,1
0.71997,0.26497,1
0.23901,0.036453,-1
2.8097,0.98741,1
2.198,0.41243,-1
1.2449,0.48672,1
2.6399,0.48768,-1
0.22912,0.043348,-1
1.6194,0.59022,1
1.5875,0.50282,1
1.306,0.4794,1
1.3429,0.22813,-1
2.9955,0.96354,1
1.594,0.60302,1
0.89905,0.33337,1
0.97775,0.32752,1
5.4896,0.93913,-1
0.4088,0.064832,-1
0.28342,0.053108,1
2.011,0.4414,-1
3.3558,1.0292,1
2.3649,0.50232,-1
0.67749,0.12386,-1
2.4813,0.79336,1
0.5428,0.10049,-1
0.34182,0.071243,-1
1.471,0.5371,1
0.54725,0.1027,-1
4.189,0.98775,1
0.55458,0.21403,1
1.0329,0.46788,1
0.92553,0.35091,1
2.3206,0.70743,1
1.0004,0.33464,1
2.3619,0.4613,-1
1.1007,0.45595,1
3.2452,1.0756,1
0.30588,0.055061,-1
1.7483,0.34798,-1
1.2711,0.20692,-1
2.2337,0.79239,1
1.469,0.25477,-1
1.2804,0.58702,1
1.7438,0.6454,1
0.86402,0.31738,1
0.87014,0.35249,1
1.4369,0.6071,1
1.038,0.21989,-1
6.4938,1.3031,1
1.1345,0.42415,1
0.81066,0.15223,-1
0.35891,0.033645,-1
1.2634,0.26112,-1
1.8009,0.37733,-1
6.4402,1.229,-1
0.63439,0.23134,1
0.67151,0.23864,1
0.40579,0.053176,-1
1.6566,0.61123,1
3.2233,0.98181,1
2.8766,0.47325,1
0.2997,0.048505,-1
0.83967,0.28653,1
0.43823,0.08284,-1
0.22189,0.025764,-1
0.24641,0.047758,-1
0.66438,0.15469,1
0.31666,0.13818,1
2.4661,0.85107,1
0.88598,0.32307,1
0.76879,0.15511,-1
1.1727,0.41739,1
3.2526,1.0717,1
1.423,0.21569,-1
0.52333,0.17692,1
2.7263,0.52327,-1
1.0927,0.38005,1
2.3759,0.83073,1
1.6532,0.75944,1
0.78185,0.21522,1
1.1095,0.31579,1
0.35327,0.12141,1
0.94632,0.18599,-1
0.84731,0.15049,-1
0.53784,0.23616,1
1.6178,0.58583,1
0.20373,0.032118,-1
1.044,0.2231,-1
1.3479,0.22639,-1
1.6146,0.23845,-1
1.7956,0.69514,1
0.26681,0.045295,-1
0.25673,0.045087,-1
1.6719,0.55366,1
1.1698,0.23331,-1
1.4275,0.26513,-1
1.6424,0.51163,1
0.18899,0.02095,-1
3.5667,0.57372,-1
2.6979,0.45544,1
0.18178,0.016704,-1
0.29308,0.062879,-1
1.2463,0.2207,-1
0.35424,0.064285,-1
0.26476,0.078993,1
1.1085,0.38124,1
1.0004,0.38298,1
2.8251,0.54899,-1
1.3367,0.2626,-1
3.8579,0.79195,-1
0.95529,0.16199,-1
0.6891,0.30772,1
0.34191,0.061903,-1
4.5282,0.62858,-1
0.66614,0.30749,1
2.673,0.50499,-1
2.2326,0.34119,-1
0.91574,0.33387,1
1.1322,0.44597,1
1.4664,0.5377,1
0.38048,0.078504,-1
1.822,0.75813,1
0.36282,0.15523,1
1.0996,0.47359,1
0.67834,0.26208,1
0.47346,0.067289,-1
1.4983,0.54676,1
0.37219,0.065304,-1
0.91127,0.34825,1
2.1921,0.84553,1
1.4088,0.2462,-1
0.3094,0.045805,-1
1.3579,0.54243,1
1.7199,0.66465,1
2.155,0.82958,1
0.51057,0.07852,-1
0.43664,0.084835,-1
1.0779,0.26025,-1
0.53589,0.17968,1
1.6604,0.52723,1
0.21829,0.047317,-1
2.054,0.4204,-1
1.5028,0.5905,1
0.51419,0.20943,1
0.31741,0.060989,-1
0.27355,0.039442,-1
2.3674,0.44612,-1
1.6146,0.55729,1
0.22433,0.049201,-1
0.99586,0.47216,1
1.3102,0.43663,1
2.2888,0.46668,-1
0.64613,0.18711,1
0.33129,0.0345,-1
1.1035,0.20357,-1
1.8536,0.60145,1
1.6561,0.66081,1
1.1467,0.4095,1
1.7352,0.52897,1
0.85012,0.14058,-1
1.4943,0.26161,-1
1.4339,0.58633,1
1.0826,0.40126,1
1.65,0.52575,1
0.38793,0.085281,-1
0.4381,0.18348,1
0.11653,-9.3318e-05,-1
0.43286,0.097,-1
1.1965,0.40559,1
0.5594,0.11172,-1
1.378,0.52673,1
2.6896,0.85536,1
2.5642,0.88378,1
0.4088,0.056043,-1
0.34975,0.077739,-1
0.57446,0.28059,1
3.5203,0.68928,-1
2.9245,0.97471,1
0.5232,0.19872,1
1.4268,0.45699,1
2.4036,0.78548,1
1.0275,0.35583,1
0.78332,0.12927,-1
1.7442,0.72993,1
0.48305,0.10264,-1
1.9304,0.69335,1
0.48061,0.24131,1
5.066,0.90468,1
1.5763,0.57946,1
0.29065,0.064328,-1
1.151,0.38975,1
5.0895,1.0235,-1
0.4176,0.079464,1
0.44064,0.14197,1
0.39465,0.095578,-1
0.88147,0.16687,-1
0.87294,0.17253,-1
0.24305,0.051923,-1
3.194,0.58143,-1
0.58821,0.19571,1
1.2696,0.21138,-1
0.56213,0.25134,1
0.6205,0.26042,1
1.1248,0.39046,1
2.7898,0.9471,1
5.4929,1.1112,-1
0.40053,0.070903,-1
1.4266,0.45524,1
0.27382,0.04704,-1
1.0731,0.18669,-1
4.8402,0.93497,-1
0.57397,0.09993,-1
0.5995,0.10905,1
1.7805,0.31141,-1
0.39526,0.06868,-1
0.93771,0.3451,1
1.1149,0.4044,1
3.6858,0.81347,-1
0.23254,0.047726,-1
1.886,0.33436,-1
0.27034,0.071196,-1
1.0682,0.13272,-1
0.25746,0.034771,-1
1.3346,0.53575,1
0.63842,0.1097,-1
0.70285,0.099983,-1
0.43967,0.073615,-1
0.59107,0.12988,-1
0.36095,0.15419,1
2.2364,0.86616,1
6.1217,1.0067,-1
0.60168,0.10876,-1
0.26942,0.047529,-1
0.34486,0.076763,-1
0.28274,0.037551,-1
1.0818,0.42171,1
0.82864,0.27534,1
0.21457,0.034553,-1
1.252,0.19966,-1
0.27479,0.041669,-1
2.5852,0.43261,1
0.62036,0.13264,-1
1.5647,0.64632,1
0.30493,0.075515,-1
0.91298,0.1281,-1
3.8844,0.63926,-1
0.31115,0.058973,-1
0.37141,0.13174,1
0.34114,0.13956,1
1.0389,0.15469,-1
2.3553,0.81045,1
2.3165,0.76698,1
0.55099,0.17615,1
1.0307,0.38737,1
1.4152,0.46397,1
3.1477,0.65028,1
0.39749,0.069778,-1
1.7756,0.745,1
0.62818,0.094232,-1
0.3025,0.056146,-1
0.91907,0.35485,1
0.24926,0.0345,-1
2.3786,0.8661,1
1.8113,0.33235,-1
0.91965,0.18494,-1
2.5581,0.97261,1
0.34504,0.049711,-1
2.1082,0.87548,1
0.25813,0.034575,-1
1.0971,0.23259,-1
0.92385,0.29536,1
1.4674,0.58165,1
0.60914,0.13037,-1
1.4456,0.50723,1
1.9196,0.64317,1
0.34511,0.061689,-1
0.49061,0.10222,-1
0.25673,0.06413,-1
0.38002,0.090435,-1
3.1276,0.98378,1
0.44106,0.18809,1
1.1595,0.41641,1
0.46705,0.081537,-1
6.8328,1.1986,1
1.5764,0.54432,1
4.0983,0.67421,-1
0.29983,0.10347,1
1.5721,0.55459,1
0.38514,0.060224,-1
0.42502,0.18104,1
0.93031,0.3585,1
0.54799,0.094829,-1
2.0534,0.77723,1
1.9196,0.72325,1
0.51477,0.09216,-1
2.0115,0.35147,-1
0.97778,0.35677,1
1.4738,0.25867,-1
0.44396,0.17665,1
0.53332,0.098507,-1
2.0912,0.71647,1
1.9204,0.73042,1
0.91918,0.13411,-1
0.43957,0.17274,1
2.6336,0.52969,-1
0.46645,0.087993,-1
0.30968,0.095106,1
1.287,0.42497,1
0.42346,0.15368,1
0.43586,0.074614,-1
0.83459,0.30603,1
0.65413,0.24844,1
0.76574,0.18202,-1
5.2262,0.94737,-1
2.2891,0.8105,1
1.8948,0.73721,1
1.4739,0.33968,-1
0.56116,0.12243,-1
0.85609,0.31944,1
0.36496,0.071174,-1
3.5113,0.70894,-1
0.53683,0.21522,1
0.90307,0.32063,1
1.2238,0.45762,1
1.9539,0.25878,-1
1.2242,0.49452,1
0.80883,0.33382,1
0.69594,0.29454,1
5.4186,0.77624,-1
4.7964,0.75435,-1
1.8991,0.64122,1
0.29796,0.054579,-1
0.78958,0.31587,1
0.45093,0.13964,1
1.4636,0.64295,1
1.0647,0.21419,-1
0.56555,0.10827,-1
1.3302,0.25743,-1
2.4632,0.84952,1
1.1193,0.48671,1
0.94423,0.36198,1
2.5626,0.81114,1
0.41076,0.064816,1
1.3048,0.47401,1
0.86193,0.38563,1
0.24865,0.041883,-1
0.31946,0.068722,-1
1.0104,0.22937,-1
3.8819,0.63319,-1
0.36779,0.090223,1
2.5453,0.4406,-1
1.1491,0.19422,-1
2.4212,0.78799,1
1.5128,0.31337,-1
2.7525,0.95943,1
2.1148,0.39058,-1
1.3962,0.26415,1
0.27465,0.070633,-1
2.3662,0.4438,-1
0.62514,0.13292,-1
0.38879,0.066769,-1
1.1907,0.39632,1
0.24914,0.062391,-1
1.5562,0.28169,-1
0.90894,0.36767,1
0.97268,0.31685,1
1.6251,0.59511,1
1.3088,0.48524,1
0.31282,0.06436,-1
2.0559,0.7411,1
4.0608,0.53309,1
1.8494,0.58633,1
1.2712,0.40608,1
0.96585,0.15913,-1
0.30636,0.053108,-1
0.72571,0.26452,1
0.40783,0.090223,-1
0.38441,0.083599,-1
1.0944,0.40586,1
2.0076,0.40527,-1
2.3552,0.37098,-1
1.3668,0.27968,-1
0.38061,0.064773,-1
2.3565,0.9062,1
0.96408,0.15516,-1
0.52563,0.13069,-1
1.3894,0.32552,-1
0.62336,0.13077,-1
2.9479,0.57802,-1
0.21791,0.036235,-1
1.0915,0.45637,1
1.0065,0.33995,1
3.2449,0.52783,-1
0.23547,0.062863,-1
0.35286,0.13907,1
0.7268,0.27132,1
0.40541,0.10459,-1
4.7302,0.87977,-1
3.1114,1.0526,1
0.19748,0.026252,-1
1.0173,0.36913,1
1.8921,0.67085,1
0.46603,0.23865,1
1.1984,0.47862,1
0.71752,0.14729,-1
2.4134,0.46377,-1
0.90943,0.31396,1
1.6272,0.57703,1
0.55578,0.096571,-1
0.30471,0.051223,-1
2.8078,0.91319,1
0.2884,0.037504,-1
0.31896,0.033094,-1
0.93722,0.18836,-1
2.3839,0.87217,1
0.41682,0.13907,1
0.30138,0.031629,-1
0.23312,0.041389,1
0.21314,0.035638,-1
0.94124,0.16739,-1
0.92738,0.16465,-1
1.0741,0.42546,1
0.44884,0.10682,-1
2.6828,0.91221,1
0.40725,0.073684,-1
0.3269,0.063797,-1
2.9129,0.98038,1
2.6254,0.49284,-1
0.90461,0.29678,1
2.1393,0.39952,-1
0.28879,0.01258,-1
0.84436,0.32946,1
0.53491,0.1761,1
1.959,0.79732,1
0.38197,0.038677,-1
1.9222,0.67129,1
0.54457,0.081157,-1
1.842,0.69042,1
0.56184,0.20889,1
0.5179,0.18497,1
1.5521,0.57341,1
0.83459,0.11071,-1
1.4333,0.48621,1
1.3513,0.48817,1
2.4281,0.75625,1
1.5623,0.44131,1
1.2374,0.4669,1
0.63013,0.21777,1
0.46418,0.072661,-1
0.41829,0.1293,1
0.91811,0.33458,1
0.76057,0.14541,-1
1.0584,0.41747,1
0.54432,0.20231,1
0.81518,0.34016,1
0.47277,0.1703,1
0.97326,0.31727,1
1.2345,0.47693,1
1.9635,0.74841,1
1.4974,0.62149,1
1.6194,0.52571,1
1.05,0.4178,1
3.8044,0.60839,1
2.1129,0.71571,1
0.28725,0.064556,-1
0.68517,0.14833,-1
0.9088,0.26063,1
1.2357,0.45378,1
1.2977,0.49968,1
0.70861,0.12343,1
0.86291,0.33876,1
0.21975,0.034134,-1
0.83645,0.15718,-1
0.75081,0.26993,1
0.66292,0.23331,1
2.9059,1.0736,1
0.18001,0.030668,-1
0.89855,0.36757,1
1.2335,0.4247,1
5.1251,0.98669,-1
0.31653,0.050656,-1
1.8884,0.67464,1
0.46545,0.046261,-1
0.57766,0.10835,-1
1.1223,0.19417,-1
4.7962,0.87588,-1
0.61135,0.23433,1
0.24142,0.063362,-1
0.45875,0.1787,1
0.52943,0.084575,-1
0.63928,0.11023,-1
1.1554,0.45202,1
0.5552,0.095169,-1
0.29211,0.048719,-1
0.5679,0.22212,1
1.1697,0.40966,1
0.78676,0.11534,-1
0.26783,0.058099,-1
0.67785,0.11415,-1
0.37698,0.022415,-1
0.90207,0.15467,-1
0.96838,0.37878,1
0.98266,0.36018,1
0.62782,0.10905,-1
1.7365,0.28379,-1
0.8811,0.34798,1
0.69884,0.1205,-1
1.0171,0.12105,-1
3.4871,0.68636,-1
0.24084,0.041378,-1
0.1853,0.026199,-1
1.4097,0.55904,1
0.78785,0.30859,1
0.29806,0.047737,-1
0.19459,0.017084,-1
0.98657,0.20637,-1
0.80374,0.30806,1
1.8098,0.28173,-1
1.4236,0.45898,1
2.1954,0.34462,-1
0.64133,0.14832,-1
0.73902,0.31494,1
0.65011,0.11463,-1
1.2184,0.40586,1
0.2522,0.031732,-1
1.1052,0.42578,1
0.50233,0.087079,-1
0.71243,0.12886,-1
0.96926,0.19673,-1
1.4957,0.58679,1
1.4183,0.50186,1
0.94703,0.38525,1
0.70497,0.085615,-1
1.1381,0.37321,1
1.9642,0.42936,-1
1.2751,0.46663,1
1.0255,0.22862,-1
1.2751,0.56531,1
0.60963,0.085443,-1
1.5203,0.48518,1
0.9215,0.34755,1
0.87063,0.30366,1
0.70668,0.11338,-1
0.92896,0.32079,1
0.4051,0.1503,1
1.9728,0.6996,1
1.4452,0.4738,1
1.8159,0.28218,-1
1.9626,0.69373,1
0.8518,0.31331,1
0.79796,0.30946,1
0.31155,0.070755,-1
0.92444,0.34216,1
0.41555,0.070755,-1
3.0006,0.61364,-1
0.46008,0.11706,-1
2.4295,0.75918,1
0.17885,0.017193,-1
1.1188,0.42468,1
1.1983,0.41109,1
1.5328,0.56579,1
0.27209,0.07507,-1
0.25637,0.0522,-1
0.60375,0.084793,1
0.2838,0.097059,1
0.57482,0.14589,1
0.41871,0.13769,1
1.5302,0.29948,-1
1.0799,0.16934,-1
0.92258,0.36268,1
1.6397,0.31294,-1
3.4262,1.1725,1
1.1931,0.4427,1
0.43616,0.089718,-1
0.38061,0.07698,-1
0.56741,0.1274,-1
0.81959,0.098627,-1
0.92128,0.38054,1
1.0774,0.39387,1
2.2668,0.38167,-1
1.2291,0.42295,1
0.29065,0.056027,-1
0.85324,0.30701,1
1.2449,0.47119,1
0.22326,0.031629,-1
0.31679,0.054365,-1
0.52688,0.18941,1
3.3475,0.57145,-1
0.78234,0.30848,1
0.17274,0.0065131,-1
0.63674,0.12447,-1
0.90608,0.28116,1
0.53297,0.18359,1
0.34047,0.053814,-1
1.443,0.24717,-1
0.45617,0.10585,-1
0.48622,0.17399,1
1.0346,0.18034,-1
1.5627,0.59553,1
0.65956,0.21208,1
0.92581,0.144,-1
0.90823,0.18648,-1
2.0884,0.38423,-1
2.7296,0.8622,1
4.4006,0.82796,-1
0.23635,0.050735,-1
2.1823,0.32872,-1
0.35774,0.081938,-1
0.41932,0.086103,-1
1.2395,0.45637,1
1.6656,0.63081,1
0.576,0.29043,1
0.34657,0.061689,-1
3.1838,0.57063,-1
0.46554,0.074592,-1
0.35461,0.068234,-1
0.97433,0.18738,-1
4.5211,0.7379,-1
3.1799,1.0389,1
0.84008,0.16096,-1
1.1018,0.20296,-1
1.74,0.26497,-1
0.49145,0.10823,-1
1.129,0.40928,1
0.65383,0.25386,1
2.5114,0.45545,-1
1.8019,0.55311,1
1.7443,0.26377,1
3.0878,0.47868,-1
2.4628,0.84001,1
0.19019,0.062494,1
0.21077,0.052641,-1
1.1872,0.44764,1
0.45177,0.17274,1
0.34651,0.085844,-1
0.45239,0.15901,1
0.76649,0.29362,1
0.55946,0.082685,-1
0.45608,0.085403,-1
0.61925,0.13954,-1
0.77382,0.26872,1
0.57105,0.25439,1
1.0564,0.34667,1
0.59631,0.21862,1
2.1787,0.41255,-1
0.50412,0.11854,-1
1.4178,0.52383,1
0.60707,0.26622,1
0.63382,0.21529,1
0.67296,0.28798,1
0.79579,0.33903,1
1.0201,0.18298,1
0.39123,0.065321,-1
2.0804,0.35977,-1
0.46544,0.078504,-1
0.30053,0.084305,-1
0.51077,0.20259,1
7.0848,1.3109,-1
0.90321,0.18278,-1
0.21487,0.041946,-1
0.87991,0.19038,-1
0.84553,0.32754,1
2.1673,0.75577,1
0.34378,0.054153,-1
2.2088,0.96475,1
0.46938,0.16807,1
0.22963,0.053814,-1
2.4329,0.80362,1
0.96028,0.14932,-1
0.22011,0.029951,-1
2.0256,0.42968,-1
0.94643,0.35704,1
4.7068,0.9491,-1
2.5325,0.41731,-1
2.0506,0.79239,1
2.1892,0.79969,1
2.9646,0.53303,-1
3.2295,1.1118,1
0.36545,0.098029,-1
1.279,0.49251,1
0.92797,0.12678,-1
1.1676,0.44618,1
5.0246,1.0577,-1
1.5968,0.50476,1
0.77027,0.39697,1
0.214,0.036235,-1
0.18031,0.042095,-1
0.47912,0.18249,1
1.2766,0.45252,1
1.4887,0.67302,1
0.39163,0.14009,1
1.812,0.75679,1
1.3478,0.2379,-1
2.6296,0.42415,-1
0.7843,0.29187,1
0.67199,0.11073,-1
1.8049,0.57177,1
1.0471,0.39387,1
1.9513,0.39903,-1
0.25833,0.048294,-1
0.35676,0.069731,-1
2.2938,0.67911,1
2.8162,0.4287,-1
0.35012,0.14839,1
0.31985,0.060989,-1
0.80764,0.30464,1
1.1057,0.42854,1
6.7747,1.264,1
0.19813,0.039228,-1
0.53383,0.10167,-1
2.1335,0.34071,-1
0.2162,0.050947,-1
1.0174,0.37442,1
0.81898,0.31456,1
1.773,0.60298,1
0.37768,0.071121,-1
0.99142,0.32801,1
0.41518,0.13731,1
0.39478,0.076166,-1
0.48706,0.081375,-1
0.43104,0.11052,-1
0.94005,0.35292,1
1.0271,0.37391,1
0.21106,0.049679,-1
1.3967,0.26209,-1
1.3697,0.45546,1
0.77515,0.30956,1
4.7878,0.85937,-1
2.1912,0.91592,1
0.69299,0.22204,1
0.77465,0.17268,-1
1.8944,0.33389,-1
0.49104,0.16202,1
0.57264,0.1154,-1
2.4382,0.5262,-1
0.73245,0.16988,-1
0.40614,0.14665,1
0.36646,0.064935,-1
0.3175,0.12536,1
0.1927,0.012602,-1
0.96352,0.4293,1
0.65845,0.26074,1
2.171,0.72959,1
1.4817,0.48535,1
0.81868,0.33487,1
0.54036,0.085844,-1
1.2531,0.18543,-1
0.74153,0.2543,1
0.98744,0.1378,-1
1.4056,0.26065,-1
0.88655,0.31875,1
1.7844,0.56917,1
1.3689,0.46956,1
0.55832,0.096076,-1
2.3219,0.78943,1
0.92101,0.3246,1
0.26479,0.062114,-1
2.4077,0.7773,1
1.2285,0.22945,-1
2.0797,0.81016,1
0.55482,0.19395,1
7.2156,1.3231,-1
1.7076,0.25184,-1
1.6766,0.35222,-1
0.25491,0.04927,-1
0.65002,0.16786,-1
1.1605,0.45573,1
0.73811,0.12979,-1
1.6584,0.34901,-1
1.5305,0.57801,1
0.42457,0.050287,-1
1.1737,0.19645,-1
2.6961,0.88272,1
0.30276,0.077591,1
0.1858,0.059564,-1
1.162,0.45183,1
0.63341,0.10341,-1
0.27355,0.062879,-1
1.8566,0.64268,1
0.68238,0.15331,-1
3.1017,0.5792,-1
1.0021,0.18174,-1
0.58655,0.20251,1
2.4402,0.8387,1
0.76721,0.31237,1
0.82727,0.14441,-1
0.67443,0.12684,-1
0.30783,0.12684,1
3.1506,0.97688,1
0.51879,0.20442,1
0.42994,0.051752,-1
0.60071,0.12585,-1
0.24633,0.059402,-1
0.18225,0.036007,1
1.4342,0.50987,1
1.2516,0.45446,1
2.234,0.32653,-1
2.194,0.74353,1
1.1573,0.16835,-1
0.36135,0.039016,-1
0.93104,0.34196,1
1.5339,0.34949,-1
0.25305,0.047726,-1
0.46261,0.18348,1
0.40161,0.16243,1
0.57802,0.10173,-1
0.30871,0.070187,-1
2.2007,0.81343,1
1.5539,0.25526,-1
1.7345,0.61338,1
3.1126,1.0029,1
0.28157,0.063872,-1
2.1823,0.75916,1
1.5991,0.32613,-1
1.5788,0.20936,1
0.2312,0.061844,-1
0.48902,0.1787,1
0.9803,0.27969,1
2.0197,0.70155,1
1.0414,0.44304,1
0.4015,0.093853,-1
1.5089,0.27527,1
0.49634,0.083002,-1
0.64856,0.094113,-1
0.79272,0.30452,1
1.0818,0.52783,1
0.82216,0.32878,1
0.53725,0.22862,1
1.8765,0.28462,-1
5.3555,0.90425,-1
2.6516,0.52522,-1
1.4119,0.25927,-1
1.1668,0.39208,1
2.0013,0.42178,-1
0.34582,0.048703,-1
0.38026,0.059736,-1
1.2786,0.225,-1
0.30588,0.041389,-1
0.25855,0.058588,-1
1.4986,0.57124,1
0.45581,0.12825,1
0.65663,0.098798,-1
0.53686,0.19563,1
0.55298,0.10742,-1
0.65259,0.22753,1
1.9217,0.72305,1
0.8368,0.15642,-1
1.1922,0.41202,1
5.0886,0.91601,-1
0.38537,0.060926,1
1.3699,0.20686,-1
0.21509,0.034174,-1
3.4183,0.58975,-1
0.30354,0.058012,-1
0.83557,0.18347,1
0.37514,0.091411,-1
1.0971,0.44352,1
0.45373,0.16491,1
0.93196,0.26553,1
0.42708,0.091215,-1
0.94387,0.32417,1
1.3115,0.498,1
0.6882,0.26893,1
0.40744,0.093147,-1
4.7188,0.8979,-1
0.42248,0.1703,1
0.54992,0.11171,-1
0.74745,0.12517,-1
0.22328,0.042095,-1
1.5448,0.47256,1
2.0621,0.69786,1
1.8801,0.69026,1
1.6525,0.55507,1
0.45431,0.15906,1
0.28958,0.12056,1
0.95923,0.39355,1
1.1525,0.38759,1
1.6393,0.63682,1
2.1056,0.3661,-1
1.8092,0.68347,1
1.5199,0.45915,1
2.5076,0.8374,1
0.63807,0.1237,-1
2.3663,0.85243,1
0.905,0.13172,-1
0.36011,0.14257,1
2.4664,0.84315,1
1.8496,0.67085,1
4.2828,0.72888,-1
4.4607,0.70947,-1
1.382,0.56651,1
1.1029,0.43399,1
1.8645,0.38183,-1
2.4243,0.77681,1
1.0143,0.21473,-1
0.73647,0.13584,-1
2.1244,0.74235,1
0.7538,0.13981,-1
0.71545,0.13562,-1
0.91174,0.36071,1
0.33583,0.084638,-1
1.2102,0.17073,1
0.68007,0.11345,-1
0.76769,0.14149,-1
0.66566,0.27354,1
0.72903,0.1899,-1
0.22737,0.028227,-1
0.78039,0.29333,1
0.49965,0.092388,-1
2.2028,0.79382,1
2.4935,0.3947,-1
0.74484,0.15272,-1
3.2144,1.0551,1
1.1144,0.24402,1
0.28332,0.067274,-1
1.179,0.18994,-1
3.578,0.56582,1
1.6012,0.2545,-1
1.1015,0.42253,1
1.739,0.63362,1
1.9458,0.76509,1
1.8878,0.32509,-1
0.73323,0.28653,1
2.7336,0.39404,-1
0.56076,0.10487,-1
1.6526,0.63606,1
2.5431,0.83143,1
0.63075,0.10954,-1
0.21945,0.021858,-1
0.31763,0.057123,-1
1.9598,0.69815,1
0.27137,0.031415,-1
1.9141,0.76607,1
0.25842,0.049679,-1
0.21349,0.030165,-1
1.2047,0.43565,1
0.44506,0.18489,1
0.651,0.098019,-1
0.22219,0.033157,-1
0.6426,0.11958,-1
1.0139,0.4305,1
1.9808,0.75749,1
1.2078,0.45019,1
1.948,0.64783,1
1.2941,0.49131,1
1.2418,0.44911,1
0.5759,0.20594,1
0.56946,0.2113,1
4.0367,0.72108,-1
1.0747,0.16548,-1
0.39436,0.052153,-1
1.1956,0.21028,-1
1.0259,0.17915,-1
0.34301,0.046707,-1
0.64025,0.088758,-1
1.4031,0.51253,1
0.922,0.30847,1
1.2277,0.46397,1
2.6697,0.94807,1
1.0467,0.38321,1
0.89729,0.1337,-1
1.3523,0.23567,-1
0.85129,0.30067,1
1.0822,0.39782,1
0.30178,0.11616,1
0.70863,0.14708,-1
1.2025,0.19108,-1
0.72694,0.33757,1
1.5245,0.59852,1
0.99826,0.40516,1
1.2525,0.21626,-1
1.7506,0.61316,1
0.39904,0.092176,-1
1.4503,0.46251,1
0.89583,0.21231,-1
1.1097,0.49063,1
0.93886,0.16179,-1
1.0977,0.37154,1
1.2585,0.43636,1
3.4078,0.558,-1
2.4476,0.8903,1
0.31703,0.062114,-1
3.3648,0.70406,-1
0.43055,0.087568,-1
0.31801,0.070415,-1
0.44361,0.10546,-1
2.463,0.41589,-1
2.6184,0.95643,1
0.36977,0.15977,1
1.9532,0.64392,1
3.0706,1.0165,1
0.20776,0.04573,-1
1.3941,0.59468,1
0.83548,0.1562,-1
1.4476,0.28727,1
0.40014,0.081863,-1
0.99584,0.16243,-1
3.7678,0.78797,-1
0.39456,0.045364,-1
1.4743,0.54893,1
1.4846,0.50276,1
0.76098,0.24251,1
1.1364,0.38292,1
2.8733,0.48811,-1
2.7917,0.56233,-1
0.47444,0.11221,-1
0.82739,0.16731,-1
1.0169,0.11514,-1
0.6595,0.11465,-1
0.18928,0.034086,-1
3.9088,0.72155,-1
0.37521,0.13465,1
2.2761,0.82226,1
1.9963,0.32372,-1
1.0585,0.19792,1
0.37288,0.087797,-1
0.20071,0.042434,-1
2.0086,0.55166,1
1.8495,0.29704,-1
0.45815,0.14415,1
1.7118,0.28532,-1
3.4675,0.61512,-1
0.54318,0.12537,-1
0.74573,0.26062,1
0.90321,0.19987,-1
0.71341,0.27779,1
0.76965,0.16003,-1
2.2045,0.88151,1
0.50917,0.088544,-1
2.1386,0.65886,1
1.0833,0.35204,1
0.87563,0.29112,1
0.52758,0.089187,-1
1.799,0.63292,1
2.2834,0.71956,1
1.0314,0.16589,-1
0.44152,0.098524,-1
0.33255,0.074661,-1
1.3293,0.5575,1
1.5007,0.24549,-1
0.91867,0.36268,1
0.9637,0.36075,1
1.0007,0.15283,-1
1.429,0.31143,-1
0.86135,0.33491,1
1.6365,0.50716,1
2.4792,0.92908,1
1.1307,0.40886,1
1.171,0.19297,-1
0.33381,0.13956,1
0.28332,0.051649,-1
1.6988,0.65516,1
0.83615,0.25623,1
0.31477,0.081938,-1
1.7553,0.57927,1
0.30423,0.12202,1
2.1224,0.41153,-1
0.34993,0.11172,1
1.3674,0.54481,1
1.1125,0.45052,1
0.36206,0.061355,-1
0.2643,0.050396,-1
1.5226,0.21862,-1
1.7419,0.65223,1
1.6605,0.63835,1
0.35851,0.039442,-1
0.59559,0.15446,-1
0.40686,0.067746,-1
3.1696,0.93885,1
1.6578,0.50573,1
1.088,0.3954,1
0.79957,0.24072,1
1.5651,0.56093,1
1.9348,0.78352,1
1.0906,0.20784,-1
3.3126,0.97351,1
1.4796,0.28554,-1
0.86635,0.26915,1
0.25307,0.034771,-1
1.6989,0.5951,1
0.68196,0.074614,-1
1.1614,0.20637,-1
1.7042,0.6417,1
2.3043,0.77527,1
0.79299,0.15913,-1
0.79269,0.32264,1
0.82434,0.38415,1
0.56898,0.11583,-1
1.5835,0.6147,1
1.6482,0.67512,1
1.9884,0.66054,1
1.0086,0.22949,-1
0.37307,0.062942,-1
2.2545,0.85411,1
4.2404,0.70372,-1
0.9259,0.16101,-1
1.1379,0.16536,-1
1.3584,0.49019,1
1.5994,0.55704,1
1.6207,0.70595,1
0.91604,0.18892,-1
0.54025,0.099494,-1
1.4037,0.49919,1
2.5191,0.50435,-1
1.3206,0.46972,1
0.51772,0.094341,-1
1.3025,0.4535,1
0.85815,0.27327,1
0.64562,0.25233,1
0.94357,0.19178,1
0.25844,0.038189,-1
0.2178,0.0522,-1
0.34778,0.054562,-1
1.7639,0.29785,-1
1.1964,0.22937,-1
0.50548,0.10975,-1
1.1703,0.41081,1
0.71425,0.24284,1
0.19856,0.023832,-1
1.676,0.25276,-1
2.9972,0.98594,1
2.1105,0.69004,1
0.52919,0.06413,-1
0.46115,0.083869,-1
1.4705,0.53222,1
1.9871,0.6997,1
1.3136,0.60362,1
0.83214,0.31483,1
0.77365,0.31434,1
1.7352,0.68864,1
1.2057,0.21641,-1
2.1466,0.41931,-1
0.62581,0.22305,1
3.5966,0.66618,-1
0.78589,0.42236,1
0.18872,0.029129,-1
0.62951,0.30507,1
0.7174,0.15565,-1
0.37465,0.072857,-1
1.0643,0.2072,-1
0.78505,0.27946,1
1.3938,0.52099,1
0.39464,0.079969,-1
2.0061,0.68153,1
1.009,0.18836,1
0.78736,0.30078,1
0.50207,0.080946,1
0.22963,0.045513,-1
0.8479,0.23665,-1
0.75356,0.27403,1
1.2372,0.47477,1
0.49867,0.23545,1
1.2512,0.45849,1
1.5212,0.60595,1
1.4232,0.47477,1
2.265,0.36221,-1
0.25111,0.059185,-1
1.2112,0.20898,-1
1.2205,0.42317,1
0.61499,0.2513,1
2.0636,0.81093,1
2.2641,0.66227,1
1.7694,0.58389,1
3.1926,0.57698,-1
2.8262,0.46724,-1
0.22464,0.029251,-1
1.5074,0.26845,1
0.99934,0.18643,-1
0.97805,0.41206,1
0.93007,0.29753,1
0.22912,0.038465,-1
1.1828,0.42518,1
1.1619,0.6582,1
2.8161,0.93321,1
0.90344,0.19616,-1
2.0469,0.28902,-1
0.7726,0.31065,1
1.1218,0.41699,1
3.1642,1.056,1
1.5806,0.59615,1
0.6935,0.13829,-1
0.22639,0.067778,1
2.2013,0.71034,1
0.83596,0.18111,-1
0.95375,0.33116,1
0.54495,0.21724,1
1.4628,0.48845,1
0.66713,0.12413,-1
0.30981,0.061355,-1
1.2015,0.18399,-1
0.69947,0.23046,1
1.2398,0.23433,-1
0.79182,0.1376,-1
2.0135,0.66495,1
1.5894,0.26704,-1
0.78732,0.30018,1
0.23351,0.040418,-1
0.19555,0.01741,-1
0.96864,0.37614,1
0.50012,0.090206,-1
2.4009,0.4814,-1
0.85229,0.1429,-1
0.52112,0.22009,1
0.53383,0.2169,1
0.32484,0.048931,-1
1.69,0.59663,1
0.68557,0.13081,-1
